0 1
1 1
2 2
3 4
4 8
5 16
6 31
7 60
8 115
9 218
10 411
11 770
12 1434
13 2656
14 4897
15 8991
16 16444
17 29966
18 54437
19 98602
20 178127
21 321007
22 577210
23 1035784
24 1855223
25 3317245
26 5922101
27 10557065
28 18794491
29 33418118
30 59352422
31 105302007
32 186642465
33 330514315
34 584795704
35 1033897541
36 1826558301
37 3224730620
38 5689532882
39 10032305699
40 17679994468
41 31141216306
42 54824508904
43 96474421572
44 169691228117
45 298350641513
46 524354141481
47 921216235565
48 1617878655726
49 2840439149377
50 4985254701014
51 8746980315485
52 15342779061609
53 26904858855596
54 47167574070850
55 82669911224563
56 144859559455730
57 253773902157827
58 444478688691473
59 778328520603695
60 1362657039214250
61 2385202142857269
62 4174284277850063
63 7303988434872008
64 12777980171153583
65 22350699746310277
66 39088534080889464
67 68350141945492146
68 119498801351959124
69 208893039662366197
70 365109202392731361
